1804 1
1186 1
374 1
1838 1
1192 1
1179 1
638 1
162 1
189 1
1421 1
1596 1
1569 1
1555 1
1233 1
1227 1
228 1
566 1
214 1
572 1
599 1
598 1
573 1
567 1
229 1
1232 1
942 1
1583 1
3380 1
1597 1
759 1
1420 1
188 1
605 1
1391 1
5691 1
177 1
1385 1
639 1
1636 1
7247 1
4996 1
5336 1
1193 1
407 1
413 1
1839 1
375 1
4799 1
1805 1
1807 1
1191 1
161 1
1393 1
607 1
613 1
1387 1
175 1
4599 1
1436 1
808 1
1595 1
1218 1
1230 1
1556 1
559 1
571 1
217 1
4823 1
565 1
1754 1
5527 1
2512 1
564 1
570 1
4822 1
216 1
9490 1
9484 1
1231 1
1225 1
941 1
9123 1
4407 1
1219 1
5651 1
1386 1
612 1
4598 1
606 1
1392 1
148 1
1635 1
5453 1
6614 1
376 1
4942 1
1190 1
438 1
1812 1
400 1
1194 1
1631 1
5325 1
1619 1
1396 1
164 1
1382 1
1433 1
1341 1
5669 1
1584 1
1590 1
2927 1
1235 1
4403 1
1209 1
574 1
560 1
548 1
4601 1
4600 1
549 1
561 1
213 1
575 1
1208 1
5734 1
1234 1
1585 1
2113 1
9720 1
5867 1
617 1
1397 1
165 1
4760 1
1630 1
1195 1
401 1
1197 1
1815 1
8164 1
1626 1
4992 1
1632 1
4762 1
615 1
1381 1
1395 1
601 1
629 1
5656 1
198 1
1587 1
1236 1
5050 1
1222 1
1791 1
563 1
577 1
239 1
4819 1
1746 1
588 1
2514 1
1747 1
1753 1
238 1
576 1
562 1
1237 1
5910 1
1586 1
67 1
73 1
9723 1
1419 1
5657 1
1394 1
614 1
4763 1
1633 1
1627 1
5327 1
358 1
1196 1
317 1
465 1
4738 1
1654 1
9787 1
897 1
129 1
667 1
1318 1
698 1
1324 1
1442 1
1330 1
707 1
1293 1
1287 1
4466 1
1278 1
1250 1
1522 1
1244 1
8937 1
1085 1
288 1
5221 1
5235 1
289 1
1709 1
1084 1
510 1
1090 1
8261 1
1245 1
1251 1
5751 1
712 1
1292 1
706 1
1331 1
1325 1
699 1
6310 1
666 1
5816 1
896 1
5355 1
4739 1
316 1
328 1
5394 1
314 1
1858 1
4920 1
5357 1
658 1
664 1
102 1
670 1
9747 1
1327 1
710 1
704 1
1290 1
1535 1
1253 1
1092 1
260 1
1723 1
1051 1
5237 1
5236 1
5578 1
1093 1
1534 1
1252 1
1246 1
10234 1
1291 1
705 1
711 1
1285 1
1440 1
1326 1
6313 1
671 1
665 1
659 1
498 1
315 1
1691 1
339 1
6667 1
3284 1
661 1
649 1
1450 1
1336 1
1322 1
1281 1
701 1
1295 1
5742 1
1524 1
1242 1
1256 1
1530 1
1518 1
932 1
1083 1
5583 1
271 1
265 1
1097 1
259 1
1732 1
4677 1
1069 1
8717 1
258 1
264 1
1096 1
1082 1
933 1
1257 1
6538 1
1531 1
1525 1
1243 1
1294 1
700 1
1280 1
1323 1
1445 1
1337 1
890 1
648 1
660 1
1109 1
4717 1
462 1
1690 1
312 1
1692 1
460 1
4715 1
676 1
662 1
1321 1
1335 1
1453 1
689 1
1309 1
702 1
1282 1
8271 1
1533 1
1255 1
1241 1
1527 1
1269 1
931 1
1094 1
266 1
1080 1
8932 1
1731 1
6062 1
299 1
6063 1
4890 1
529 1
1081 1
1095 1
267 1
930 1
1268 1
1240 1
1526 1
1532 1
1254 1
1283 1
1297 1
703 1
1308 1
688 1
1334 1
1452 1
1446 1
1320 1
663 1
5185 1
461 1
313 1
1846 1
4902 1
322 1
4725 1
4731 1
1107 1
5188 1
652 1
1305 1
691 1
5177 1
685 1
1311 1
2793 1
1259 1
6536 1
1271 1
1265 1
929 1
4692 1
6091 1
242 1
530 1
1729 1
1715 1
1073 1
4679 1
5200 1
294 1
4678 1
1728 1
257 1
243 1
928 1
1264 1
1270 1
9604 1
1258 1
6523 1
1310 1
690 1
1304 1
7749 1
4718 1
4724 1
445 1
4903 1
451 1
1847 1
1689 1
309 1
321 1
4901 1
1110 1
1104 1
651 1
1448 1
686 1
1312 1
1306 1
692 1
1299 1
6535 1
916 1
1528 1
10200 1
6521 1
902 1
1266 1
1272 1
4685 1
269 1
4691 1
527 1
241 1
5202 1
1716 1
5203 1
1065 1
240 1
268 1
1273 1
1267 1
4479 1
1529 1
6520 1
1298 1
693 1
1307 1
1313 1
687 1
5175 1
2632 1
1449 1
644 1
5820 1
1105 1
452 1
6681 1
442 1
4910 1
456 1
126 1
640 1
898 1
5818 1
668 1
1317 1
1303 1
697 1
8469 1
708 1
1263 1
1277 1
5011 1
2030 1
6524 1
4455 1
250 1
244 1
522 1
4680 1
5207 1
287 1
4681 1
245 1
8093 1
251 1
1276 1
6519 1
1262 1
4483 1
5945 1
709 1
696 1
2179 1
1316 1
669 1
127 1
641 1
4736 1
4939 1
1855 1
443 1
325 1
455 1
1102 1
4708 1
1670 1
657 1
125 1
1300 1
694 1
1314 1
5614 1
9760 1
1328 1
5628 1
2966 1
1260 1
5748 1
4456 1
1248 1
4867 1
1089 1
9358 1
5204 1
5205 1
508 1
1088 1
4866 1
6532 1
4457 1
1249 1
6526 1
1261 1
1275 1
1315 1
656 1
4735 1
1671 1
1103 1
1856 1
468 1
326 1
433 1
4752 1
396 1
1170 1
5699 1
95 1
619 1
631 1
194 1
1372 1
5935 1
2082 1
5909 1
1574 1
1212 1
1206 1
547 1
221 1
235 1
553 1
3149 1
584 1
590 1
1763 1
591 1
9459 1
585 1
234 1
4800 1
552 1
546 1
208 1
5288 1
1207 1
5908 1
2083 1
778 1
1373 1
181 1
1401 1
803 1
1429 1
817 1
624 1
618 1
80 1
1171 1
5317 1
4753 1
9511 1
4747 1
426 1
368 1
4784 1
4786 1
1198 1
424 1
4962 1
4989 1
7258 1
1629 1
4745 1
6634 1
1173 1
4779 1
1601 1
140 1
626 1
55 1
5671 1
183 1
1417 1
1371 1
69 1
1403 1
2081 1
1239 1
1205 1
5063 1
1211 1
1577 1
578 1
222 1
6967 1
593 1
4619 1
587 1
586 1
592 1
223 1
545 1
551 1
579 1
1210 1
8234 1
5062 1
1204 1
1238 1
2080 1
1589 1
1402 1
1416 1
182 1
5670 1
54 1
814 1
5658 1
9710 1
627 1
1600 1
4778 1
1172 1
1614 1
4744 1
6635 1
1628 1
4750 1
431 1
425 1
4977 1
1199 1
1833 1
421 1
1189 1
1176 1
1638 1
623 1
637 1
4595 1
1374 1
804 1
5648 1
1599 1
1200 1
1572 1
1228 1
555 1
541 1
227 1
4813 1
1764 1
596 1
582 1
4620 1
2251 1
1758 1
4621 1
583 1
597 1
568 1
540 1
4812 1
232 1
554 1
1229 1
1573 1
1598 1
2091 1
51 1
811 1
193 1
79 1
92 1
178 1
636 1
144 1
4741 1
1639 1
5305 1
1611 1
1177 1
6618 1
408 1
1188 1
8184 1
8190 1
1808 1
4780 1
1834 1
1613 1
387 1
8179 1
4757 1
608 1
4596 1
1405 1
1377 1
813 1
53 1
1439 1
9071 1
5924 1
1571 1
1565 1
1203 1
224 1
542 1
556 1
230 1
218 1
581 1
595 1
1767 1
594 1
1766 1
580 1
219 1
231 1
4811 1
225 1
543 1
1202 1
1216 1
2079 1
1570 1
5919 1
9689 1
52 1
812 1
91 1
609 1
621 1
635 1
6627 1
4742 1
1174 1
1612 1
5460 1
1835 1
4959 1
4781 1
348 0
4997 0
1637 0
176 0
88 0
2921 0
5733 0
9109 0
8203 0
5294 0
4834 0
10043 0
3140 0
7332 0
10042 0
4821 0
1226 0
1554 0
5732 0
6575 0
4410 0
2934 0
5083 0
2920 0
10297 0
8362 0
1187 0
1811 0
1813 0
363 0
9532 0
388 0
4994 0
1634 0
5320 0
10295 0
2922 0
6577 0
1224 0
9485 0
4604 0
3143 0
2248 0
4605 0
558 0
3340 0
6576 0
2923 0
5916 0
8361 0
2880 0
5321 0
362 0
1802 0
8167 0
2476 0
170 0
616 0
59 0
8365 0
9053 0
5084 0
6599 0
1221 0
1553 0
10253 0
4417 0
212 0
5292 0
3152 0
5279 0
9457 0
10045 0
9456 0
5293 0
4416 0
1552 0
1220 0
6598 0
2926 0
2932 0
8166 0
429 0
367 0
365 0
359 0
5454 0
8399 0
2878 0
72 0
9050 0
66 0
2918 0
5285 0
4602 0
589 0
4603 0
9455 0
6766 0
3150 0
8950 0
5284 0
6570 0
4415 0
1223 0
1551 0
2931 0
8429 0
8373 0
2879 0
1380 0
172 0
1814 0
364 0
5368 0
5340 0
9977 0
10236 0
1536 0
277 0
5208 0
1052 0
7350 0
2572 0
5209 0
262 0
1279 0
10237 0
1286 0
8301 0
3283 0
1669 0
5380 0
5633 0
1441 0
1284 0
2941 0
10235 0
4465 0
5009 0
1247 0
5753 0
4698 0
1086 0
4667 0
1050 0
1736 0
3121 0
1722 0
5593 0
261 0
4699 0
1087 0
5752 0
1520 0
7192 0
3257 0
8302 0
1332 0
5197 0
1656 0
8128 0
1681 0
5385 0
1652 0
7790 0
5805 0
5781 0
2950 0
3131 0
10033 0
5596 0
1519 0
3291 0
3285 0
6114 0
1653 0
310 0
1684 0
1686 0
5392 0
1651 0
4701 0
9999 0
10233 0
4846 0
514 0
528 0
1057 0
3132 0
4661 0
5224 0
1056 0
273 0
4847 0
10232 0
8304 0
9973 0
3292 0
4700 0
1650 0
6659 0
8106 0
1687 0
1852 0
646 0
8490 0
3328 0
1098 0
4889 0
3117 0
280 0
4644 0
531 0
2976 0
9994 0
1660 0
4917 0
1853 0
5389 0
1845 0
335 0
8108 0
5376 0
1662 0
645 0
2948 0
1058 0
9410 0
10002 0
4690 0
4684 0
10229 0
4727 0
1844 0
1688 0
330 0
318 0
1854 0
1101 0
5171 0
1288 0
1511 0
278 0
1075 0
3138 0
10012 0
2555 0
5206 0
4859 0
7149 0
10238 0
8252 0
1289 0
2970 0
5170 0
1666 0
319 0
1658 0
643 0
9827 0
8250 0
4697 0
5210 0
1076 0
1062 0
7349 0
2542 0
4682 0
5588 0
1329 0
695 0
642 0
1659 0
6678 0
4912 0
332 0
369 0
5302 0
382 0
5316 0
625 0
8395 0
5074 0
6569 0
4815 0
5504 0
9458 0
6568 0
3362 0
5920 0
383 0
5303 0
397 0
340 0
342 0
4751 0
381 0
82 0
2877 0
9665 0
550 0
544 0
9467 0
4631 0
8745 0
1774 0
5506 0
4630 0
2533 0
1576 0
10262 0
6557 0
8354 0
2123 0
8397 0
5300 0
380 0
9516 0
5338 0
4998 0
186 0
6590 0
1214 0
569 0
5264 0
5270 0
9462 0
2537 0
4635 0
2250 0
8755 0
1215 0
187 0
622 0
5339 0
9517 0
1822 0
5488 0
5461 0
8145 0
9529 0
9515 0
620 0
8347 0
3212 0
185 0
8353 0
2124 0
9844 0
6593 0
1217 0
4409 0
1773 0
1772 0
6974 0
557 0
9662 0
4408 0
184 0
5306 0
1809 0
345 0
412 1
360 1
4954 1
2869 1
604 1
63 1
2666 1
2909 1
957 1
2262 1
1030 1
3141 1
2263 1
215 1
201 1
62 1
163 1
611 1
89 1
4028 1
4014 1
4955 1
361 1
349 1
439 1
411 1
3779 1
1152 1
3751 1
149 1
2842 1
48 1
954 1
940 1
2261 1
2249 1
3624 1
4177 1
2274 1
202 1
75 1
174 1
389 1
2472 1
2300 1
410 1
404 1
414 1
428 1
1157 1
3754 1
4013 1
158 1
2648 1
992 1
2265 1
207 1
159 1
1156 1
415 1
4953 1
371 1
403 1
4010 1
3019 1
173 1
167 1
99 1
8 1
991 1
2071 1
2501 1
3178 1
210 1
4367 1
947 1
199 1
9 1
628 1
166 1
98 1
3597 1
416 1
471 1
3080 1
2375 1
115 1
101 1
14 1
4506 1
28 1
511 1
1735 1
504 1
4473 1
29 1
15 1
100 1
114 1
2374 1
470 1
458 1
3083 1
300 1
466 1
472 1
2362 1
499 1
2404 1
2410 1
4049 1
880 1
4288 1
17 1
2014 1
4471 1
248 1
1044 1
1078 1
249 1
2029 1
16 1
842 1
103 1
473 1
301 1
467 1
463 1
3938 1
2398 1
305 1
477 1
3079 1
2415 1
488 1
107 1
113 1
12 1
2788 1
729 1
4474 1
502 1
270 1
927 1
4475 1
13 1
2170 1
112 1
106 1
2372 1
489 1
2428 1
4918 1
304 1
474 1
448 1
104 1
138 1
39 1
11 1
500 1
298 1
515 1
4476 1
918 1
10 1
38 1
139 1
105 1
111 1
449 1
3084 1
478 1
450 1
444 1
487 1
108 1
134 1
120 1
35 1
21 1
915 1
524 1
281 1
4863 1
3856 1
519 1
3467 1
900 1
684 1
20 1
34 1
109 1
486 1
479 1
2396 1
453 1
484 1
4295 1
123 1
137 1
22 1
876 1
36 1
725 1
5000 1
255 1
296 1
1070 1
282 1
1071 1
283 1
297 1
526 1
254 1
2168 1
37 1
23 1
136 1
122 1
4294 1
485 1
320 1
446 1
2395 1
324 1
2391 1
481 1
132 1
683 1
27 1
33 1
4469 1
536 1
4864 1
293 1
286 1
1074 1
292 1
279 1
523 1
4865 1
32 1
26 1
4508 1
133 1
2353 1
1128 1
331 1
457 1
441 1
469 1
482 1
2423 1
131 1
119 1
3517 1
680 1
18 1
30 1
24 1
521 1
247 1
284 1
290 1
2556 1
1077 1
285 1
252 1
520 1
25 1
31 1
19 1
681 1
4286 1
124 1
130 1
2378 1
483 1
440 1
3940 1
427 1
1158 1
3015 1
81 1
157 1
143 1
4 1
56 1
42 1
180 1
2914 1
989 1
2041 1
3405 1
3411 1
209 1
2243 1
3174 1
1011 1
220 1
2040 1
195 1
43 1
4545 1
5 1
57 1
142 1
630 1
94 1
4009 1
3982 1
432 1
354 1
3941 1
3943 1
430 1
96 1
168 1
41 1
7 1
197 1
3823 1
236 1
237 1
2043 1
747 1
68 1
196 1
2651 1
6 1
40 1
141 1
97 1
169 1
83 1
347 1
435 1
353 1
409 1
2494 1
390 1
2866 1
145 1
87 1
179 1
93 1
192 1
44 1
2 1
50 1
964 1
3173 1
2244 1
226 1
965 1
959 1
3 1
45 1
150 1
2867 1
3748 1
391 1
385 1
434 1
346 1
420 1
436 1
422 1
344 1
3951 1
2483 1
3945 1
378 1
2468 1
2332 1
2871 1
146 1
90 1
84 1
191 1
1 1
47 1
2044 1
1000 1
3824 1
769 1
46 1
190 1
147 1
2870 1
153 1
392 1
3944 1
2482 1
379 1
423 1
351 1
3975 0
8834 0
9519 0
7520 0
2841 0
3587 0
7087 0
837 0
77 0
823 0
980 0
2060 0
2074 0
3342 0
3424 0
3430 0
1541 0
3801 0
8940 0
200 0
9451 0
9323 0
4607 0
4149 0
4148 0
9322 0
8996 0
3431 0
1540 0
3425 0
2713 0
9120 0
2707 0
771 0
981 0
3545 0
2897 0
836 0
2673 0
3592 0
9518 0
3976 0
7523 0
1146 0
3590 0
60 0
2671 0
834 0
2117 0
983 0
3355 0
3433 0
3427 0
2739 0
3341 0
9320 0
9308 0
5532 0
8770 0
9309 0
8771 0
5269 0
9321 0
2738 0
3426 0
3432 0
2710 0
982 0
8598 0
49 0
3546 0
4229 0
835 0
61 0
821 0
3591 0
1147 0
3988 0
7522 0
8832 0
2338 0
7526 0
2304 0
9523 0
2847 0
7081 0
7903 0
3542 0
825 0
65 0
71 0
986 0
3436 0
7888 0
979 0
2714 0
9494 0
1976 0
1023 0
9325 0
2270 0
2516 0
3608 0
8985 0
8990 0
9324 0
8984 0
2517 0
1988 0
9318 0
1022 0
3806 0
1977 0
2073 0
3345 0
978 0
7889 0
987 0
70 0
64 0
824 0
8364 0
58 0
2885 0
2846 0
4006 0
9522 0
2463 0
2339 0
417 0
3970 0
8831 0
4038 0
7531 0
2313 0
9252 0
7082 0
2844 0
3541 0
2677 0
985 0
3435 0
2298 0
211 0
1961 0
8776 0
2529 0
8992 0
9454 0
2515 0
2273 0
2272 0
1021 0
5535 0
204 0
2299 0
5290 0
9119 0
990 0
984 0
827 0
833 0
7068 0
2892 0
7901 0
7929 0
303 0
1697 0
9220 0
7219 0
1898 0
7557 0
3282 0
3269 0
7999 0
7806 0
7812 0
3484 0
3490 0
2765 0
2017 0
4328 0
3335 0
3453 0
3876 0
1907 0
2598 0
1708 0
4102 0
2215 0
6729 0
3122 0
1053 0
2214 0
276 0
1906 0
3334 0
2994 0
7634 0
1537 0
2016 0
3491 0
3485 0
7813 0
9194 0
3268 0
1899 0
8665 0
2360 0
464 0
1696 0
9584 0
8842 0
1694 0
8868 0
7597 0
1680 0
3068 0
2438 0
8667 0
3054 0
7018 0
2160 0
6448 0
7811 0
7805 0
3493 0
3487 0
2772 0
9141 0
923 0
7636 0
1904 0
2564 0
4673 0
3120 0
4672 0
8048 0
275 0
513 0
1911 0
1905 0
7637 0
3337 0
2767 0
3479 0
3486 0
2798 0
7838 0
3492 0
7810 0
117 0
7780 0
8666 0
3069 0
7596 0
1695 0
8841 0
9597 0
7948 0
3290 0
7974 0
7009 0
3496 0
3482 0
7814 0
3333 0
3455 0
3441 0
2777 0
2763 0
1929 0
3858 0
1901 0
8931 0
1054 0
6707 0
6706 0
4139 0
8930 0
1900 0
1928 0
2762 0
3440 0
3326 0
2038 0
3332 0
3454 0
7632 0
3483 0
7829 0
3497 0
3252 0
7791 0
9555 0
3050 0
8663 0
8844 0
9596 0
3905 0
338 0
8846 0
8852 0
7220 0
2358 0
3708 0
7793 0
3287 0
8488 0
4259 0
3481 0
3495 0
7817 0
3442 0
7630 0
3456 0
925 0
3697 0
1902 0
2238 0
8729 0
2210 0
6710 0
1718 0
2211 0
6711 0
8728 0
4674 0
3899 0
3127 0
1903 0
8927 0
3696 0
4310 0
3457 0
7631 0
7816 0
3494 0
3480 0
7779 0
3279 0
8489 0
3286 0
7792 0
2403 0
2359 0
1888 0
1693 0
307 0
2383 0
336 0
1891 0
2340 0
2368 0
3076 0
3710 0
7576 0
1113 0
1675 0
7947 0
7990 0
3506 0
7827 0
3499 0
7833 0
2036 0
7600 0
4309 0
2778 0
3472 0
1932 0
2220 0
3880 0
8731 0
3116 0
1701 0
6709 0
1700 0
8730 0
2221 0
3881 0
1927 0
1933 0
3473 0
3329 0
2037 0
7832 0
3498 0
3275 0
7991 0
2631 0
6331 0
135 0
7946 0
3705 0
3711 0
2341 0
1890 0
2355 0
323 0
8863 0
10189 0
1892 0
2343 0
2425 0
1138 0
4040 0
2357 0
3061 0
1676 0
3707 0
7944 0
3288 0
6333 0
2633 0
7993 0
3505 0
3263 0
3277 0
7011 0
2790 0
7830 0
7818 0
2035 0
4336 0
3471 0
2592 0
3854 0
1931 0
3115 0
1702 0
3673 0
2578 0
1703 0
8727 0
2222 0
3128 0
1059 0
532 0
3855 0
2020 0
4337 0
2034 0
2785 0
7831 0
7010 0
3504 0
2154 0
6332 0
4243 0
7986 0
3289 0
4280 0
7945 0
2356 0
2424 0
10188 0
8874 0
1115 0
3064 0
5401 0
3070 0
8643 0
7558 0
2346 0
4045 0
2839 0
3500 0
3474 0
3460 0
2018 0
3448 0
1908 0
3851 0
1934 0
1061 0
1707 0
1713 0
2226 0
3886 0
2227 0
3887 0
8050 0
1060 0
1706 0
1935 0
2596 0
3688 0
1909 0
3878 0
8939 0
2743 0
2019 0
7808 0
7997 0
3273 0
3267 0
7559 0
2421 0
3071 0
8642 0
1114 0
3065 0
1699 0
8865 0
8859 0
8683 0
8867 0
5364 0
8640 0
3067 0
2345 0
8668 0
8481 0
4278 0
2153 0
4244 0
7995 0
7822 0
3488 0
3477 0
2769 0
7611 0
6730 0
3884 0
1705 0
1063 0
2595 0
3853 0
3338 0
2740 0
4331 0
2768 0
3476 0
3489 0
2797 0
2783 0
7994 0
4245 0
3264 0
2608 0
7943 0
2344 0
2422 0
2436 0
3066 0
3072 0
454 0
2492 0
355 0
1819 0
7529 0
4034 0
3983 0
7930 0
2684 0
4222 0
2900 0
7887 0
3439 0
2733 0
7893 0
3363 0
2294 0
1979 0
2525 0
9316 0
1992 0
9464 0
2531 0
2519 0
3607 0
5262 0
3606 0
2518 0
3148 0
2530 0
9465 0
9471 0
2524 0
9317 0
2281 0
2732 0
988 0
7070 0
2685 0
7925 0
1165 0
7528 0
4021 0
2487 0
418 0
2491 0
356 0
4037 0
2320 0
1167 0
7927 0
4221 0
2678 0
7847 0
8584 0
2730 0
7890 0
2724 0
791 0
7660 0
2532 0
9315 0
2526 0
7304 0
9328 0
3605 0
2269 0
8022 0
1990 0
9314 0
2527 0
9466 0
3361 0
2725 0
7885 0
3349 0
2902 0
7846 0
2679 0
4220 0
7932 0
7926 0
1166 0
2335 0
4036 0
357 0
2325 0
3985 0
7922 0
7088 0
3588 0
838 0
4230 0
7842 0
2709 0
3365 0
7665 0
2053 0
7659 0
2286 0
8754 0
4146 0
9310 0
2522 0
1995 0
9311 0
4147 0
2536 0
3600 0
5265 0
3827 0
2287 0
7894 0
2052 0
3364 0
7670 0
7843 0
2654 0
7089 0
3589 0
2683 0
7923 0
3984 0
8838 0
3979 0
1820 0
4025 0
1149 0
2326 0
7921 0
2118 0
7841 0
2087 0
7666 0
9139 0
967 0
3428 0
6975 0
2285 0
8964 0
9313 0
4151 0
2534 0
4144 0
2535 0
1982 0
1996 0
9312 0
4150 0
2521 0
7303 0
3603 0
3830 0
3429 0
3367 0
7854 0
8597 0
4232 0
7920 0
1148 0
2327 0
3777 0
1821 0
6196 0
