1804 1 1 2
1186 1 1 2
374 1 1 2
1838 1 1 2
1192 1 1 2
1179 1 1 2
638 1 1 1
162 1 1 1
189 1 1 1
1421 1 1 2
1596 1 1 2
1569 1 1 2
1555 1 1 2
1233 1 1 2
1227 1 1 2
228 1 1 1
566 1 1 1
214 1 1 1
572 1 1 2
599 1 1 2
598 1 1 1
573 1 1 1
567 1 1 2
229 1 1 1
1232 1 1 2
942 1 1 2
1583 1 1 2
3380 1 1 2
1597 1 1 2
759 1 1 2
1420 1 1 2
188 1 1 1
605 1 1 2
1391 1 1 2
5691 1 1 2
177 1 1 2
1385 1 1 2
639 1 1 2
1636 1 1 2
7247 1 1 2
4996 1 1 2
5336 1 1 2
1193 1 1 2
407 1 1 2
413 1 1 2
1839 1 1 2
375 1 1 2
4799 1 1 2
1805 1 1 2
1807 1 1 2
1191 1 1 2
161 1 1 1
1393 1 1 2
607 1 1 1
613 1 1 2
1387 1 1 2
175 1 1 1
4599 1 1 2
1436 1 1 2
808 1 1 2
1595 1 1 2
1218 1 1 2
1230 1 1 2
1556 1 1 2
559 1 1 2
571 1 1 2
217 1 1 1
4823 1 1 2
565 1 1 2
1754 1 1 2
5527 1 1 2
2512 1 1 2
564 1 1 2
570 1 1 2
4822 1 1 2
216 1 1 1
9490 1 1 2
9484 1 1 2
1231 1 1 2
1225 1 1 2
941 1 1 1
9123 1 1 2
4407 1 1 2
1219 1 1 2
5651 1 1 2
1386 1 1 2
612 1 1 2
4598 1 1 2
606 1 1 1
1392 1 1 2
148 1 1 1
1635 1 1 2
5453 1 1 2
6614 1 1 2
376 1 1 2
4942 1 1 2
1190 1 1 2
438 1 1 1
1812 1 1 2
400 1 1 2
1194 1 1 2
1631 1 1 2
5325 1 1 2
1619 1 1 2
1396 1 1 2
164 1 1 1
1382 1 1 2
1433 1 1 2
1341 1 1 2
5669 1 1 2
1584 1 1 2
1590 1 1 2
2927 1 1 2
1235 1 1 2
4403 1 1 2
1209 1 1 2
574 1 1 1
560 1 1 1
548 1 1 1
4601 1 1 2
4600 1 1 2
549 1 1 2
561 1 1 1
213 1 1 1
575 1 1 1
1208 1 1 2
5734 1 1 2
1234 1 1 2
1585 1 1 2
2113 1 1 2
9720 1 1 2
5867 1 1 2
617 1 1 1
1397 1 1 2
165 1 1 1
4760 1 1 2
1630 1 1 2
1195 1 1 2
401 1 1 2
1197 1 1 2
1815 1 1 2
8164 1 1 2
1626 1 1 2
4992 1 1 2
1632 1 1 2
4762 1 1 2
615 1 1 2
1381 1 1 2
1395 1 1 2
601 1 1 2
629 1 1 1
5656 1 1 2
198 1 1 1
1587 1 1 2
1236 1 1 2
5050 1 1 2
1222 1 1 2
1791 1 1 2
563 1 1 2
577 1 1 2
239 1 1 1
4819 1 1 2
1746 1 1 2
588 1 1 2
2514 1 1 2
1747 1 1 2
1753 1 1 2
238 1 1 1
576 1 1 2
562 1 1 1
1237 1 1 2
5910 1 1 2
1586 1 1 2
67 1 1 1
73 1 1 1
9723 1 1 2
1419 1 1 2
5657 1 1 2
1394 1 1 2
614 1 1 1
4763 1 1 2
1633 1 1 2
1627 1 1 2
5327 1 1 2
358 1 1 2
1196 1 1 2
317 1 1 1
465 1 1 1
4738 1 1 2
1654 1 1 2
9787 1 1 2
897 1 1 2
129 1 1 1
667 1 1 2
1318 1 1 2
698 1 1 2
1324 1 1 2
1442 1 1 2
1330 1 1 2
707 1 1 2
1293 1 1 2
1287 1 1 2
4466 1 1 2
1278 1 1 2
1250 1 1 2
1522 1 1 2
1244 1 1 2
8937 1 1 2
1085 1 1 2
288 1 1 1
5221 1 1 2
5235 1 1 2
289 1 1 1
1709 1 1 2
1084 1 1 2
510 1 1 2
1090 1 1 2
8261 1 1 2
1245 1 1 2
1251 1 1 2
5751 1 1 2
712 1 1 2
1292 1 1 2
706 1 1 2
1331 1 1 2
1325 1 1 2
699 1 1 2
6310 1 1 2
666 1 1 2
5816 1 1 2
896 1 1 2
5355 1 1 2
4739 1 1 2
316 1 1 2
328 1 1 1
5394 1 1 2
314 1 1 1
1858 1 1 2
4920 1 1 2
5357 1 1 2
658 1 1 2
664 1 1 2
102 1 1 1
670 1 1 2
9747 1 1 2
1327 1 1 2
710 1 1 2
704 1 1 2
1290 1 1 2
1535 1 1 2
1253 1 1 2
1092 1 1 2
260 1 1 1
1723 1 1 2
1051 1 1 2
5237 1 1 2
5236 1 1 2
5578 1 1 2
1093 1 1 2
1534 1 1 2
1252 1 1 2
1246 1 1 2
10234 1 1 2
1291 1 1 2
705 1 1 2
711 1 1 2
1285 1 1 2
1440 1 1 2
1326 1 1 2
6313 1 1 2
671 1 1 2
665 1 1 2
659 1 1 2
498 1 1 1
315 1 1 1
1691 1 1 1
339 1 1 2
6667 1 1 2
3284 1 1 2
661 1 1 2
649 1 1 1
1450 1 1 2
1336 1 1 2
1322 1 1 2
1281 1 1 2
701 1 1 2
1295 1 1 2
5742 1 1 2
1524 1 1 2
1242 1 1 2
1256 1 1 2
1530 1 1 2
1518 1 1 2
932 1 1 2
1083 1 1 2
5583 1 1 2
271 1 1 2
265 1 1 1
1097 1 1 2
259 1 1 1
1732 1 1 2
4677 1 1 2
1069 1 1 2
8717 1 1 2
258 1 1 2
264 1 1 1
1096 1 1 2
1082 1 1 2
933 1 1 2
1257 1 1 2
6538 1 1 2
1531 1 1 2
1525 1 1 2
1243 1 1 2
1294 1 1 2
700 1 1 2
1280 1 1 2
1323 1 1 2
1445 1 1 2
1337 1 1 2
890 1 1 2
648 1 1 1
660 1 1 2
1109 1 1 2
4717 1 1 2
462 1 1 1
1690 1 1 2
312 1 1 1
1692 1 1 2
460 1 1 2
4715 1 1 2
676 1 1 2
662 1 1 2
1321 1 1 2
1335 1 1 2
1453 1 1 2
689 1 1 2
1309 1 1 2
702 1 1 2
1282 1 1 2
8271 1 1 2
1533 1 1 2
1255 1 1 2
1241 1 1 2
1527 1 1 2
1269 1 1 2
931 1 1 2
1094 1 1 2
266 1 1 1
1080 1 1 1
8932 1 1 2
1731 1 1 2
6062 1 1 2
299 1 1 1
6063 1 1 2
4890 1 1 2
529 1 1 2
1081 1 1 1
1095 1 1 2
267 1 1 1
930 1 1 1
1268 1 1 2
1240 1 1 2
1526 1 1 2
1532 1 1 2
1254 1 1 2
1283 1 1 2
1297 1 1 2
703 1 1 2
1308 1 1 2
688 1 1 2
1334 1 1 2
1452 1 1 2
1446 1 1 2
1320 1 1 2
663 1 1 2
5185 1 1 2
461 1 1 1
313 1 1 1
1846 1 1 2
4902 1 1 2
322 1 1 1
4725 1 1 2
4731 1 1 2
1107 1 1 2
5188 1 1 2
652 1 1 1
1305 1 1 2
691 1 1 2
5177 1 1 2
685 1 1 2
1311 1 1 2
2793 1 1 2
1259 1 1 2
6536 1 1 2
1271 1 1 2
1265 1 1 2
929 1 1 2
4692 1 1 2
6091 1 1 2
242 1 1 1
530 1 1 2
1729 1 1 2
1715 1 1 2
1073 1 1 1
4679 1 1 2
5200 1 1 2
294 1 1 1
4678 1 1 1
1728 1 1 2
257 1 1 1
243 1 1 1
928 1 1 2
1264 1 1 2
1270 1 1 2
9604 1 1 2
1258 1 1 2
6523 1 1 2
1310 1 1 2
690 1 1 2
1304 1 1 2
7749 1 1 2
4718 1 1 2
4724 1 1 2
445 1 1 1
4903 1 1 2
451 1 1 1
1847 1 1 2
1689 1 1 2
309 1 1 1
321 1 1 2
4901 1 1 2
1110 1 1 2
1104 1 1 1
651 1 1 1
1448 1 1 2
686 1 1 2
1312 1 1 2
1306 1 1 2
692 1 1 2
1299 1 1 2
6535 1 1 2
916 1 1 2
1528 1 1 2
10200 1 1 2
6521 1 1 2
902 1 1 2
1266 1 1 2
1272 1 1 2
4685 1 1 2
269 1 1 1
4691 1 1 2
527 1 1 2
241 1 1 1
5202 1 1 2
1716 1 1 2
5203 1 1 2
1065 1 1 2
240 1 1 1
268 1 1 1
1273 1 1 2
1267 1 1 2
4479 1 1 2
1529 1 1 2
6520 1 1 2
1298 1 1 2
693 1 1 2
1307 1 1 2
1313 1 1 2
687 1 1 2
5175 1 1 2
2632 1 1 2
1449 1 1 2
644 1 1 2
5820 1 1 2
1105 1 1 2
452 1 1 1
6681 1 1 2
442 1 1 1
4910 1 1 2
456 1 1 2
126 1 1 1
640 1 1 1
898 1 1 2
5818 1 1 2
668 1 1 2
1317 1 1 2
1303 1 1 2
697 1 1 2
8469 1 1 2
708 1 1 2
1263 1 1 2
1277 1 1 2
5011 1 1 2
2030 1 1 2
6524 1 1 2
4455 1 1 2
250 1 1 1
244 1 1 1
522 1 1 1
4680 1 1 2
5207 1 1 2
287 1 1 1
4681 1 1 2
245 1 1 1
8093 1 1 2
251 1 1 1
1276 1 1 2
6519 1 1 2
1262 1 1 2
4483 1 1 2
5945 1 1 2
709 1 1 2
696 1 1 2
2179 1 1 1
1316 1 1 2
669 1 1 2
127 1 1 1
641 1 1 2
4736 1 1 2
4939 1 1 2
1855 1 1 2
443 1 1 1
325 1 1 1
455 1 1 1
1102 1 1 1
4708 1 1 2
1670 1 1 2
657 1 1 2
125 1 1 1
1300 1 1 2
694 1 1 2
1314 1 1 2
5614 1 1 2
9760 1 1 2
1328 1 1 2
5628 1 1 2
2966 1 1 2
1260 1 1 2
5748 1 1 2
4456 1 1 2
1248 1 1 2
4867 1 1 2
1089 1 1 2
9358 1 1 2
5204 1 1 2
5205 1 1 2
508 1 1 2
1088 1 1 2
4866 1 1 1
6532 1 1 2
4457 1 1 2
1249 1 1 2
6526 1 1 2
1261 1 1 2
1275 1 1 2
1315 1 1 2
656 1 1 2
4735 1 1 2
1671 1 1 2
1103 1 1 2
1856 1 1 2
468 1 1 1
326 1 1 1
433 1 1 2
4752 1 1 2
396 1 1 1
1170 1 1 2
5699 1 1 2
95 1 1 1
619 1 1 2
631 1 1 1
194 1 1 1
1372 1 1 2
5935 1 1 2
2082 1 1 2
5909 1 1 2
1574 1 1 2
1212 1 1 2
1206 1 1 2
547 1 1 1
221 1 1 1
235 1 1 1
553 1 1 2
3149 1 1 2
584 1 1 2
590 1 1 2
1763 1 1 2
591 1 1 2
9459 1 1 2
585 1 1 2
234 1 1 1
4800 1 1 2
552 1 1 2
546 1 1 2
208 1 1 1
5288 1 1 2
1207 1 1 2
5908 1 1 2
2083 1 1 2
778 1 1 2
1373 1 1 2
181 1 1 1
1401 1 1 2
803 1 1 2
1429 1 1 2
817 1 1 2
624 1 1 2
618 1 1 2
80 1 1 1
1171 1 1 1
5317 1 1 2
4753 1 1 2
9511 1 1 2
4747 1 1 2
426 1 1 1
368 1 1 1
4784 1 1 2
4786 1 1 2
1198 1 1 2
424 1 1 1
4962 1 1 2
4989 1 1 2
7258 1 1 2
1629 1 1 2
4745 1 1 2
6634 1 1 2
1173 1 1 2
4779 1 1 2
1601 1 1 2
140 1 1 1
626 1 1 1
55 1 1 1
5671 1 1 2
183 1 1 2
1417 1 1 2
1371 1 1 2
69 1 1 1
1403 1 1 2
2081 1 1 2
1239 1 1 2
1205 1 1 2
5063 1 1 2
1211 1 1 2
1577 1 1 2
578 1 1 1
222 1 1 1
6967 1 1 2
593 1 1 1
4619 1 1 2
587 1 1 2
586 1 1 2
592 1 1 2
223 1 1 1
545 1 1 1
551 1 1 2
579 1 1 2
1210 1 1 2
8234 1 1 2
5062 1 1 2
1204 1 1 2
1238 1 1 2
2080 1 1 2
1589 1 1 2
1402 1 1 2
1416 1 1 2
182 1 1 2
5670 1 1 2
54 1 1 1
814 1 1 2
5658 1 1 2
9710 1 1 2
627 1 1 2
1600 1 1 2
4778 1 1 2
1172 1 1 2
1614 1 1 2
4744 1 1 2
6635 1 1 2
1628 1 1 2
4750 1 1 2
431 1 1 2
425 1 1 1
4977 1 1 2
1199 1 1 2
1833 1 1 2
421 1 1 1
1189 1 1 2
1176 1 1 2
1638 1 1 2
623 1 1 1
637 1 1 2
4595 1 1 2
1374 1 1 2
804 1 1 2
5648 1 1 2
1599 1 1 2
1200 1 1 2
1572 1 1 2
1228 1 1 2
555 1 1 1
541 1 1 1
227 1 1 1
4813 1 1 2
1764 1 1 2
596 1 1 2
582 1 1 1
4620 1 1 2
2251 1 1 1
1758 1 1 2
4621 1 1 2
583 1 1 2
597 1 1 1
568 1 1 2
540 1 1 1
4812 1 1 2
232 1 1 1
554 1 1 2
1229 1 1 2
1573 1 1 2
1598 1 1 2
2091 1 1 2
51 1 1 1
811 1 1 2
193 1 1 1
79 1 1 1
92 1 1 1
178 1 1 2
636 1 1 1
144 1 1 1
4741 1 1 2
1639 1 1 2
5305 1 1 2
1611 1 1 2
1177 1 1 2
6618 1 1 2
408 1 1 1
1188 1 1 2
8184 1 1 2
8190 1 1 2
1808 1 1 2
4780 1 1 2
1834 1 1 2
1613 1 1 2
387 1 1 2
8179 1 1 2
4757 1 1 2
608 1 1 2
4596 1 1 2
1405 1 1 2
1377 1 1 2
813 1 1 2
53 1 1 1
1439 1 1 2
9071 1 1 2
5924 1 1 2
1571 1 1 2
1565 1 1 2
1203 1 1 2
224 1 1 1
542 1 1 1
556 1 1 1
230 1 1 1
218 1 1 1
581 1 1 2
595 1 1 1
1767 1 1 2
594 1 1 1
1766 1 1 2
580 1 1 2
219 1 1 1
231 1 1 1
4811 1 1 2
225 1 1 1
543 1 1 1
1202 1 1 2
1216 1 1 2
2079 1 1 2
1570 1 1 2
5919 1 1 2
9689 1 1 2
52 1 1 1
812 1 1 2
91 1 1 1
609 1 1 2
621 1 1 2
635 1 1 2
6627 1 1 2
4742 1 1 2
1174 1 1 2
1612 1 1 2
5460 1 1 2
1835 1 1 2
4959 1 1 2
4781 1 1 2
348 0 0 2
4997 0 0 2
1637 0 0 2
176 0 0 2
88 0 0 2
2921 0 0 2
5733 0 0 2
9109 0 0 2
8203 0 0 2
5294 0 0 2
4834 0 0 2
10043 0 0 2
3140 0 0 2
7332 0 0 2
10042 0 0 2
4821 0 0 2
1226 0 0 2
1554 0 0 2
5732 0 0 2
6575 0 0 2
4410 0 0 2
2934 0 0 2
5083 0 0 2
2920 0 0 2
10297 0 0 2
8362 0 0 2
1187 0 0 2
1811 0 0 2
1813 0 0 2
363 0 0 2
9532 0 0 2
388 0 0 2
4994 0 0 2
1634 0 0 2
5320 0 0 2
10295 0 0 2
2922 0 0 2
6577 0 0 2
1224 0 0 2
9485 0 0 2
4604 0 0 2
3143 0 0 2
2248 0 0 2
4605 0 0 2
558 0 0 2
3340 0 0 2
6576 0 0 2
2923 0 0 2
5916 0 0 2
8361 0 0 2
2880 0 0 2
5321 0 0 2
362 0 0 2
1802 0 0 2
8167 0 0 2
2476 0 0 2
170 0 0 2
616 0 0 2
59 0 0 0
8365 0 0 2
9053 0 0 2
5084 0 0 2
6599 0 0 2
1221 0 0 2
1553 0 0 2
10253 0 0 2
4417 0 0 2
212 0 0 0
5292 0 0 2
3152 0 0 2
5279 0 0 2
9457 0 0 2
10045 0 0 2
9456 0 0 2
5293 0 0 2
4416 0 0 2
1552 0 0 2
1220 0 0 2
6598 0 0 2
2926 0 0 2
2932 0 0 2
8166 0 0 2
429 0 0 2
367 0 0 2
365 0 0 2
359 0 0 2
5454 0 0 2
8399 0 0 2
2878 0 0 2
72 0 0 0
9050 0 0 2
66 0 0 2
2918 0 0 2
5285 0 0 2
4602 0 0 2
589 0 0 2
4603 0 0 2
9455 0 0 2
6766 0 0 2
3150 0 0 2
8950 0 0 2
5284 0 0 2
6570 0 0 2
4415 0 0 2
1223 0 0 2
1551 0 0 2
2931 0 0 2
8429 0 0 2
8373 0 0 2
2879 0 0 2
1380 0 0 2
172 0 0 2
1814 0 0 2
364 0 0 2
5368 0 0 2
5340 0 0 2
9977 0 0 2
10236 0 0 2
1536 0 0 2
277 0 0 2
5208 0 0 2
1052 0 0 2
7350 0 0 2
2572 0 0 2
5209 0 0 2
262 0 0 2
1279 0 0 2
10237 0 0 2
1286 0 0 2
8301 0 0 2
3283 0 0 2
1669 0 0 2
5380 0 0 2
5633 0 0 2
1441 0 0 2
1284 0 0 2
2941 0 0 2
10235 0 0 2
4465 0 0 2
5009 0 0 2
1247 0 0 2
5753 0 0 2
4698 0 0 2
1086 0 0 2
4667 0 0 2
1050 0 0 2
1736 0 0 2
3121 0 0 0
1722 0 0 2
5593 0 0 2
261 0 0 2
4699 0 0 2
1087 0 0 2
5752 0 0 2
1520 0 0 2
7192 0 0 2
3257 0 0 2
8302 0 0 2
1332 0 0 2
5197 0 0 2
1656 0 0 0
8128 0 0 2
1681 0 0 2
5385 0 0 2
1652 0 0 2
7790 0 0 2
5805 0 0 2
5781 0 0 2
2950 0 0 2
3131 0 0 2
10033 0 0 2
5596 0 0 2
1519 0 0 2
3291 0 0 0
3285 0 0 2
6114 0 0 2
1653 0 0 0
310 0 0 2
1684 0 0 2
1686 0 0 0
5392 0 0 2
1651 0 0 0
4701 0 0 0
9999 0 0 2
10233 0 0 2
4846 0 0 2
514 0 0 2
528 0 0 2
1057 0 0 0
3132 0 0 2
4661 0 0 2
5224 0 0 2
1056 0 0 0
273 0 0 2
4847 0 0 2
10232 0 0 2
8304 0 0 2
9973 0 0 2
3292 0 0 0
4700 0 0 2
1650 0 0 2
6659 0 0 2
8106 0 0 2
1687 0 0 2
1852 0 0 2
646 0 0 2
8490 0 0 0
3328 0 0 2
1098 0 0 0
4889 0 0 2
3117 0 0 2
280 0 0 2
4644 0 0 2
531 0 0 2
2976 0 0 2
9994 0 0 2
1660 0 0 0
4917 0 0 2
1853 0 0 2
5389 0 0 2
1845 0 0 2
335 0 0 0
8108 0 0 2
5376 0 0 2
1662 0 0 2
645 0 0 2
2948 0 0 2
1058 0 0 0
9410 0 0 2
10002 0 0 2
4690 0 0 2
4684 0 0 2
10229 0 0 2
4727 0 0 2
1844 0 0 2
1688 0 0 2
330 0 0 2
318 0 0 2
1854 0 0 2
1101 0 0 0
5171 0 0 2
1288 0 0 2
1511 0 0 2
278 0 0 2
1075 0 0 2
3138 0 0 2
10012 0 0 2
2555 0 0 2
5206 0 0 2
4859 0 0 2
7149 0 0 2
10238 0 0 0
8252 0 0 2
1289 0 0 2
2970 0 0 2
5170 0 0 2
1666 0 0 2
319 0 0 2
1658 0 0 2
643 0 0 2
9827 0 0 2
8250 0 0 2
4697 0 0 2
5210 0 0 2
1076 0 0 2
1062 0 0 0
7349 0 0 2
2542 0 0 2
4682 0 0 2
5588 0 0 0
1329 0 0 2
695 0 0 2
642 0 0 2
1659 0 0 0
6678 0 0 2
4912 0 0 2
332 0 0 2
369 0 0 2
5302 0 0 2
382 0 0 2
5316 0 0 2
625 0 0 2
8395 0 0 2
5074 0 0 2
6569 0 0 2
4815 0 0 2
5504 0 0 2
9458 0 0 2
6568 0 0 2
3362 0 0 2
5920 0 0 2
383 0 0 2
5303 0 0 2
397 0 0 2
340 0 0 2
342 0 0 2
4751 0 0 2
381 0 0 0
82 0 0 2
2877 0 0 2
9665 0 0 2
550 0 0 2
544 0 0 2
9467 0 0 0
4631 0 0 2
8745 0 0 2
1774 0 0 2
5506 0 0 2
4630 0 0 2
2533 0 0 2
1576 0 0 2
10262 0 0 2
6557 0 0 2
8354 0 0 2
2123 0 0 0
8397 0 0 2
5300 0 0 2
380 0 0 2
9516 0 0 2
5338 0 0 2
4998 0 0 2
186 0 0 2
6590 0 0 2
1214 0 0 2
569 0 0 2
5264 0 0 2
5270 0 0 2
9462 0 0 2
2537 0 0 2
4635 0 0 2
2250 0 0 2
8755 0 0 0
1215 0 0 2
187 0 0 2
622 0 0 2
5339 0 0 2
9517 0 0 2
1822 0 0 2
5488 0 0 0
5461 0 0 2
8145 0 0 2
9529 0 0 2
9515 0 0 0
620 0 0 2
8347 0 0 2
3212 0 0 2
185 0 0 2
8353 0 0 2
2124 0 0 0
9844 0 0 2
6593 0 0 2
1217 0 0 2
4409 0 0 2
1773 0 0 2
1772 0 0 2
6974 0 0 2
557 0 0 2
9662 0 0 2
4408 0 0 2
184 0 0 2
5306 0 0 2
1809 0 0 2
345 0 0 0
412 1 2 1
360 1 2 1
4954 1 2 1
2869 1 2 1
604 1 2 1
63 1 2 1
2666 1 2 1
2909 1 2 1
957 1 2 1
2262 1 2 1
1030 1 2 1
3141 1 2 1
2263 1 2 1
215 1 2 1
201 1 2 1
62 1 2 1
163 1 2 1
611 1 2 1
89 1 2 1
4028 1 2 1
4014 1 2 1
4955 1 2 1
361 1 2 1
349 1 2 1
439 1 2 1
411 1 2 1
3779 1 2 1
1152 1 2 1
3751 1 2 1
149 1 2 1
2842 1 2 1
48 1 2 1
954 1 2 1
940 1 2 1
2261 1 2 1
2249 1 2 1
3624 1 2 1
4177 1 2 1
2274 1 2 1
202 1 2 1
75 1 2 1
174 1 2 1
389 1 2 1
2472 1 2 1
2300 1 2 1
410 1 2 1
404 1 2 1
414 1 2 1
428 1 2 1
1157 1 2 1
3754 1 2 1
4013 1 2 1
158 1 2 1
2648 1 2 1
992 1 2 1
2265 1 2 1
207 1 2 1
159 1 2 1
1156 1 2 1
415 1 2 1
4953 1 2 1
371 1 2 1
403 1 2 1
4010 1 2 1
3019 1 2 1
173 1 2 1
167 1 2 1
99 1 2 1
8 1 2 1
991 1 2 1
2071 1 2 1
2501 1 2 1
3178 1 2 1
210 1 2 1
4367 1 2 1
947 1 2 1
199 1 2 1
9 1 2 1
628 1 2 1
166 1 2 1
98 1 2 1
3597 1 2 1
416 1 2 1
471 1 2 1
3080 1 2 1
2375 1 2 1
115 1 2 1
101 1 2 1
14 1 2 1
4506 1 2 1
28 1 2 1
511 1 2 1
1735 1 2 1
504 1 2 1
4473 1 2 1
29 1 2 1
15 1 2 1
100 1 2 1
114 1 2 1
2374 1 2 1
470 1 2 1
458 1 2 1
3083 1 2 1
300 1 2 1
466 1 2 1
472 1 2 1
2362 1 2 1
499 1 2 1
2404 1 2 1
2410 1 2 1
4049 1 2 1
880 1 2 1
4288 1 2 1
17 1 2 1
2014 1 2 1
4471 1 2 1
248 1 2 1
1044 1 2 1
1078 1 2 1
249 1 2 1
2029 1 2 1
16 1 2 1
842 1 2 1
103 1 2 1
473 1 2 1
301 1 2 1
467 1 2 1
463 1 2 1
3938 1 2 1
2398 1 2 1
305 1 2 1
477 1 2 1
3079 1 2 1
2415 1 2 1
488 1 2 1
107 1 2 1
113 1 2 1
12 1 2 1
2788 1 2 1
729 1 2 1
4474 1 2 1
502 1 2 1
270 1 2 1
927 1 2 1
4475 1 2 1
13 1 2 1
2170 1 2 1
112 1 2 1
106 1 2 1
2372 1 2 1
489 1 2 1
2428 1 2 1
4918 1 2 1
304 1 2 1
474 1 2 1
448 1 2 1
104 1 2 1
138 1 2 1
39 1 2 1
11 1 2 1
500 1 2 1
298 1 2 1
515 1 2 1
4476 1 2 1
918 1 2 1
10 1 2 1
38 1 2 1
139 1 2 1
105 1 2 1
111 1 2 1
449 1 2 1
3084 1 2 1
478 1 2 1
450 1 2 1
444 1 2 1
487 1 2 1
108 1 2 1
134 1 2 1
120 1 2 1
35 1 2 1
21 1 2 1
915 1 2 1
524 1 2 1
281 1 2 1
4863 1 2 1
3856 1 2 1
519 1 2 1
3467 1 2 1
900 1 2 1
684 1 2 1
20 1 2 1
34 1 2 1
109 1 2 1
486 1 2 1
479 1 2 1
2396 1 2 1
453 1 2 1
484 1 2 1
4295 1 2 1
123 1 2 1
137 1 2 1
22 1 2 1
876 1 2 1
36 1 2 1
725 1 2 1
5000 1 2 1
255 1 2 1
296 1 2 1
1070 1 2 1
282 1 2 1
1071 1 2 1
283 1 2 1
297 1 2 1
526 1 2 1
254 1 2 1
2168 1 2 1
37 1 2 1
23 1 2 1
136 1 2 1
122 1 2 1
4294 1 2 1
485 1 2 1
320 1 2 1
446 1 2 1
2395 1 2 1
324 1 2 1
2391 1 2 1
481 1 2 1
132 1 2 1
683 1 2 1
27 1 2 1
33 1 2 1
4469 1 2 1
536 1 2 1
4864 1 2 1
293 1 2 1
286 1 2 1
1074 1 2 1
292 1 2 1
279 1 2 1
523 1 2 1
4865 1 2 1
32 1 2 1
26 1 2 1
4508 1 2 1
133 1 2 1
2353 1 2 1
1128 1 2 1
331 1 2 1
457 1 2 1
441 1 2 1
469 1 2 1
482 1 2 1
2423 1 2 1
131 1 2 1
119 1 2 1
3517 1 2 1
680 1 2 1
18 1 2 1
30 1 2 1
24 1 2 1
521 1 2 1
247 1 2 1
284 1 2 1
290 1 2 1
2556 1 2 1
1077 1 2 1
285 1 2 1
252 1 2 1
520 1 2 1
25 1 2 1
31 1 2 1
19 1 2 1
681 1 2 1
4286 1 2 1
124 1 2 1
130 1 2 1
2378 1 2 1
483 1 2 1
440 1 2 1
3940 1 2 1
427 1 2 1
1158 1 2 1
3015 1 2 1
81 1 2 1
157 1 2 1
143 1 2 1
4 1 2 1
56 1 2 1
42 1 2 1
180 1 2 1
2914 1 2 1
989 1 2 1
2041 1 2 1
3405 1 2 1
3411 1 2 1
209 1 2 1
2243 1 2 1
3174 1 2 1
1011 1 2 1
220 1 2 1
2040 1 2 1
195 1 2 1
43 1 2 1
4545 1 2 1
5 1 2 1
57 1 2 1
142 1 2 1
630 1 2 1
94 1 2 1
4009 1 2 1
3982 1 2 1
432 1 2 1
354 1 2 1
3941 1 2 1
3943 1 2 1
430 1 2 1
96 1 2 1
168 1 2 1
41 1 2 1
7 1 2 1
197 1 2 1
3823 1 2 1
236 1 2 1
237 1 2 1
2043 1 2 1
747 1 2 1
68 1 2 1
196 1 2 1
2651 1 2 1
6 1 2 1
40 1 2 1
141 1 2 1
97 1 2 1
169 1 2 1
83 1 2 1
347 1 2 1
435 1 2 1
353 1 2 1
409 1 2 1
2494 1 2 1
390 1 2 1
2866 1 2 1
145 1 2 1
87 1 2 1
179 1 2 1
93 1 2 1
192 1 2 1
44 1 2 1
2 1 2 1
50 1 2 1
964 1 2 1
3173 1 2 1
2244 1 2 1
226 1 2 1
965 1 2 1
959 1 2 1
3 1 2 1
45 1 2 1
150 1 2 1
2867 1 2 1
3748 1 2 1
391 1 2 1
385 1 2 1
434 1 2 1
346 1 2 1
420 1 2 1
436 1 2 1
422 1 2 1
344 1 2 1
3951 1 2 1
2483 1 2 1
3945 1 2 1
378 1 2 1
2468 1 2 1
2332 1 2 1
2871 1 2 1
146 1 2 1
90 1 2 1
84 1 2 1
191 1 2 1
1 1 2 1
47 1 2 1
2044 1 2 1
1000 1 2 1
3824 1 2 1
769 1 2 1
46 1 2 1
190 1 2 1
147 1 2 1
2870 1 2 1
153 1 2 1
392 1 2 1
3944 1 2 1
2482 1 2 1
379 1 2 1
423 1 2 1
351 1 2 1
3975 0 2 0
8834 0 2 0
9519 0 2 0
7520 0 2 0
2841 0 2 0
3587 0 2 0
7087 0 2 0
837 0 2 0
77 0 2 0
823 0 2 0
980 0 2 0
2060 0 2 0
2074 0 2 0
3342 0 2 0
3424 0 2 0
3430 0 2 0
1541 0 2 0
3801 0 2 0
8940 0 2 0
200 0 2 0
9451 0 2 0
9323 0 2 0
4607 0 2 0
4149 0 2 0
4148 0 2 0
9322 0 2 0
8996 0 2 0
3431 0 2 0
1540 0 2 0
3425 0 2 0
2713 0 2 0
9120 0 2 0
2707 0 2 0
771 0 2 0
981 0 2 0
3545 0 2 0
2897 0 2 0
836 0 2 0
2673 0 2 0
3592 0 2 0
9518 0 2 0
3976 0 2 0
7523 0 2 0
1146 0 2 0
3590 0 2 0
60 0 2 0
2671 0 2 0
834 0 2 0
2117 0 2 0
983 0 2 0
3355 0 2 0
3433 0 2 0
3427 0 2 0
2739 0 2 0
3341 0 2 0
9320 0 2 0
9308 0 2 0
5532 0 2 0
8770 0 2 0
9309 0 2 0
8771 0 2 0
5269 0 2 0
9321 0 2 0
2738 0 2 0
3426 0 2 0
3432 0 2 0
2710 0 2 0
982 0 2 0
8598 0 2 0
49 0 2 0
3546 0 2 0
4229 0 2 0
835 0 2 0
61 0 2 0
821 0 2 0
3591 0 2 0
1147 0 2 0
3988 0 2 0
7522 0 2 0
8832 0 2 0
2338 0 2 0
7526 0 2 0
2304 0 2 0
9523 0 2 0
2847 0 2 0
7081 0 2 0
7903 0 2 0
3542 0 2 0
825 0 2 0
65 0 2 0
71 0 2 0
986 0 2 0
3436 0 2 0
7888 0 2 0
979 0 2 0
2714 0 2 0
9494 0 2 0
1976 0 2 0
1023 0 2 0
9325 0 2 0
2270 0 2 0
2516 0 2 0
3608 0 2 0
8985 0 2 0
8990 0 2 0
9324 0 2 0
8984 0 2 0
2517 0 2 0
1988 0 2 0
9318 0 2 0
1022 0 2 0
3806 0 2 0
1977 0 2 0
2073 0 2 0
3345 0 2 0
978 0 2 0
7889 0 2 0
987 0 2 0
70 0 2 0
64 0 2 0
824 0 2 0
8364 0 2 0
58 0 2 0
2885 0 2 0
2846 0 2 0
4006 0 2 0
9522 0 2 0
2463 0 2 0
2339 0 2 0
417 0 2 0
3970 0 2 0
8831 0 2 0
4038 0 2 0
7531 0 2 0
2313 0 2 0
9252 0 2 0
7082 0 2 0
2844 0 2 0
3541 0 2 0
2677 0 2 0
985 0 2 0
3435 0 2 0
2298 0 2 0
211 0 2 0
1961 0 2 0
8776 0 2 0
2529 0 2 0
8992 0 2 0
9454 0 2 0
2515 0 2 0
2273 0 2 0
2272 0 2 0
1021 0 2 0
5535 0 2 0
204 0 2 0
2299 0 2 0
5290 0 2 0
9119 0 2 0
990 0 2 0
984 0 2 0
827 0 2 0
833 0 2 0
7068 0 2 0
2892 0 2 0
7901 0 2 0
7929 0 2 0
303 0 2 0
1697 0 2 0
9220 0 2 0
7219 0 2 0
1898 0 2 0
7557 0 2 0
3282 0 2 0
3269 0 2 0
7999 0 2 0
7806 0 2 0
7812 0 2 0
3484 0 2 0
3490 0 2 0
2765 0 2 0
2017 0 2 0
4328 0 2 0
3335 0 2 0
3453 0 2 0
3876 0 2 0
1907 0 2 0
2598 0 2 0
1708 0 2 0
4102 0 2 0
2215 0 2 0
6729 0 2 0
3122 0 2 0
1053 0 2 0
2214 0 2 0
276 0 2 0
1906 0 2 0
3334 0 2 0
2994 0 2 0
7634 0 2 0
1537 0 2 0
2016 0 2 0
3491 0 2 0
3485 0 2 0
7813 0 2 0
9194 0 2 0
3268 0 2 0
1899 0 2 0
8665 0 2 0
2360 0 2 0
464 0 2 0
1696 0 2 0
9584 0 2 0
8842 0 2 0
1694 0 2 0
8868 0 2 0
7597 0 2 0
1680 0 2 0
3068 0 2 0
2438 0 2 0
8667 0 2 0
3054 0 2 0
7018 0 2 0
2160 0 2 0
6448 0 2 0
7811 0 2 0
7805 0 2 0
3493 0 2 0
3487 0 2 0
2772 0 2 0
9141 0 2 0
923 0 2 0
7636 0 2 0
1904 0 2 0
2564 0 2 0
4673 0 2 0
3120 0 2 0
4672 0 2 0
8048 0 2 0
275 0 2 0
513 0 2 0
1911 0 2 0
1905 0 2 0
7637 0 2 0
3337 0 2 0
2767 0 2 0
3479 0 2 0
3486 0 2 0
2798 0 2 0
7838 0 2 0
3492 0 2 0
7810 0 2 0
117 0 2 0
7780 0 2 0
8666 0 2 0
3069 0 2 0
7596 0 2 0
1695 0 2 0
8841 0 2 0
9597 0 2 0
7948 0 2 0
3290 0 2 0
7974 0 2 0
7009 0 2 0
3496 0 2 0
3482 0 2 0
7814 0 2 0
3333 0 2 0
3455 0 2 0
3441 0 2 0
2777 0 2 0
2763 0 2 0
1929 0 2 0
3858 0 2 0
1901 0 2 0
8931 0 2 0
1054 0 2 0
6707 0 2 0
6706 0 2 0
4139 0 2 0
8930 0 2 0
1900 0 2 0
1928 0 2 0
2762 0 2 0
3440 0 2 0
3326 0 2 0
2038 0 2 0
3332 0 2 0
3454 0 2 0
7632 0 2 0
3483 0 2 0
7829 0 2 0
3497 0 2 0
3252 0 2 0
7791 0 2 0
9555 0 2 0
3050 0 2 0
8663 0 2 0
8844 0 2 0
9596 0 2 0
3905 0 2 0
338 0 2 0
8846 0 2 0
8852 0 2 0
7220 0 2 0
2358 0 2 0
3708 0 2 0
7793 0 2 0
3287 0 2 0
8488 0 2 0
4259 0 2 0
3481 0 2 0
3495 0 2 0
7817 0 2 0
3442 0 2 0
7630 0 2 0
3456 0 2 0
925 0 2 0
3697 0 2 0
1902 0 2 0
2238 0 2 0
8729 0 2 0
2210 0 2 0
6710 0 2 0
1718 0 2 0
2211 0 2 0
6711 0 2 0
8728 0 2 0
4674 0 2 0
3899 0 2 0
3127 0 2 0
1903 0 2 0
8927 0 2 0
3696 0 2 0
4310 0 2 0
3457 0 2 0
7631 0 2 0
7816 0 2 0
3494 0 2 0
3480 0 2 0
7779 0 2 0
3279 0 2 0
8489 0 2 0
3286 0 2 0
7792 0 2 0
2403 0 2 0
2359 0 2 0
1888 0 2 0
1693 0 2 0
307 0 2 0
2383 0 2 0
336 0 2 0
1891 0 2 0
2340 0 2 0
2368 0 2 0
3076 0 2 0
3710 0 2 0
7576 0 2 0
1113 0 2 0
1675 0 2 0
7947 0 2 0
7990 0 2 0
3506 0 2 0
7827 0 2 0
3499 0 2 0
7833 0 2 0
2036 0 2 0
7600 0 2 0
4309 0 2 0
2778 0 2 0
3472 0 2 0
1932 0 2 0
2220 0 2 0
3880 0 2 0
8731 0 2 0
3116 0 2 0
1701 0 2 0
6709 0 2 0
1700 0 2 0
8730 0 2 0
2221 0 2 0
3881 0 2 0
1927 0 2 0
1933 0 2 0
3473 0 2 0
3329 0 2 0
2037 0 2 0
7832 0 2 0
3498 0 2 0
3275 0 2 0
7991 0 2 0
2631 0 2 0
6331 0 2 0
135 0 2 0
7946 0 2 0
3705 0 2 0
3711 0 2 0
2341 0 2 0
1890 0 2 0
2355 0 2 0
323 0 2 0
8863 0 2 0
10189 0 2 0
1892 0 2 0
2343 0 2 0
2425 0 2 0
1138 0 2 0
4040 0 2 0
2357 0 2 0
3061 0 2 0
1676 0 2 0
3707 0 2 0
7944 0 2 0
3288 0 2 0
6333 0 2 0
2633 0 2 0
7993 0 2 0
3505 0 2 0
3263 0 2 0
3277 0 2 0
7011 0 2 0
2790 0 2 0
7830 0 2 0
7818 0 2 0
2035 0 2 0
4336 0 2 0
3471 0 2 0
2592 0 2 0
3854 0 2 0
1931 0 2 0
3115 0 2 0
1702 0 2 0
3673 0 2 0
2578 0 2 0
1703 0 2 0
8727 0 2 0
2222 0 2 0
3128 0 2 0
1059 0 2 0
532 0 2 0
3855 0 2 0
2020 0 2 0
4337 0 2 0
2034 0 2 0
2785 0 2 0
7831 0 2 0
7010 0 2 0
3504 0 2 0
2154 0 2 0
6332 0 2 0
4243 0 2 0
7986 0 2 0
3289 0 2 0
4280 0 2 0
7945 0 2 0
2356 0 2 0
2424 0 2 0
10188 0 2 0
8874 0 2 0
1115 0 2 0
3064 0 2 0
5401 0 2 0
3070 0 2 0
8643 0 2 0
7558 0 2 0
2346 0 2 0
4045 0 2 0
2839 0 2 0
3500 0 2 0
3474 0 2 0
3460 0 2 0
2018 0 2 0
3448 0 2 0
1908 0 2 0
3851 0 2 0
1934 0 2 0
1061 0 2 0
1707 0 2 0
1713 0 2 0
2226 0 2 0
3886 0 2 0
2227 0 2 0
3887 0 2 0
8050 0 2 0
1060 0 2 0
1706 0 2 0
1935 0 2 0
2596 0 2 0
3688 0 2 0
1909 0 2 0
3878 0 2 0
8939 0 2 0
2743 0 2 0
2019 0 2 0
7808 0 2 0
7997 0 2 0
3273 0 2 0
3267 0 2 0
7559 0 2 0
2421 0 2 0
3071 0 2 0
8642 0 2 0
1114 0 2 0
3065 0 2 0
1699 0 2 0
8865 0 2 0
8859 0 2 0
8683 0 2 0
8867 0 2 0
5364 0 2 0
8640 0 2 0
3067 0 2 0
2345 0 2 0
8668 0 2 0
8481 0 2 0
4278 0 2 0
2153 0 2 0
4244 0 2 0
7995 0 2 0
7822 0 2 0
3488 0 2 0
3477 0 2 0
2769 0 2 0
7611 0 2 0
6730 0 2 0
3884 0 2 0
1705 0 2 0
1063 0 2 0
2595 0 2 0
3853 0 2 0
3338 0 2 0
2740 0 2 0
4331 0 2 0
2768 0 2 0
3476 0 2 0
3489 0 2 0
2797 0 2 0
2783 0 2 0
7994 0 2 0
4245 0 2 0
3264 0 2 0
2608 0 2 0
7943 0 2 0
2344 0 2 0
2422 0 2 0
2436 0 2 0
3066 0 2 0
3072 0 2 0
454 0 2 0
2492 0 2 0
355 0 2 0
1819 0 2 0
7529 0 2 0
4034 0 2 0
3983 0 2 0
7930 0 2 0
2684 0 2 0
4222 0 2 0
2900 0 2 0
7887 0 2 0
3439 0 2 0
2733 0 2 0
7893 0 2 0
3363 0 2 0
2294 0 2 0
1979 0 2 0
2525 0 2 0
9316 0 2 0
1992 0 2 0
9464 0 2 0
2531 0 2 0
2519 0 2 0
3607 0 2 0
5262 0 2 0
3606 0 2 0
2518 0 2 0
3148 0 2 0
2530 0 2 0
9465 0 2 0
9471 0 2 0
2524 0 2 0
9317 0 2 0
2281 0 2 0
2732 0 2 0
988 0 2 0
7070 0 2 0
2685 0 2 0
7925 0 2 0
1165 0 2 0
7528 0 2 0
4021 0 2 0
2487 0 2 0
418 0 2 0
2491 0 2 0
356 0 2 0
4037 0 2 0
2320 0 2 0
1167 0 2 0
7927 0 2 0
4221 0 2 0
2678 0 2 0
7847 0 2 0
8584 0 2 0
2730 0 2 0
7890 0 2 0
2724 0 2 0
791 0 2 0
7660 0 2 0
2532 0 2 0
9315 0 2 0
2526 0 2 0
7304 0 2 0
9328 0 2 0
3605 0 2 0
2269 0 2 0
8022 0 2 0
1990 0 2 0
9314 0 2 0
2527 0 2 0
9466 0 2 0
3361 0 2 0
2725 0 2 0
7885 0 2 0
3349 0 2 0
2902 0 2 0
7846 0 2 0
2679 0 2 0
4220 0 2 0
7932 0 2 0
7926 0 2 0
1166 0 2 0
2335 0 2 0
4036 0 2 0
357 0 2 0
2325 0 2 0
3985 0 2 0
7922 0 2 0
7088 0 2 0
3588 0 2 0
838 0 2 0
4230 0 2 0
7842 0 2 0
2709 0 2 0
3365 0 2 0
7665 0 2 0
2053 0 2 0
7659 0 2 0
2286 0 2 0
8754 0 2 0
4146 0 2 0
9310 0 2 0
2522 0 2 0
1995 0 2 0
9311 0 2 0
4147 0 2 0
2536 0 2 0
3600 0 2 0
5265 0 2 0
3827 0 2 0
2287 0 2 0
7894 0 2 0
2052 0 2 0
3364 0 2 0
7670 0 2 0
7843 0 2 0
2654 0 2 0
7089 0 2 0
3589 0 2 0
2683 0 2 0
7923 0 2 0
3984 0 2 0
8838 0 2 0
3979 0 2 0
1820 0 2 0
4025 0 2 0
1149 0 2 0
2326 0 2 0
7921 0 2 0
2118 0 2 0
7841 0 2 0
2087 0 2 0
7666 0 2 0
9139 0 2 0
967 0 2 0
3428 0 2 0
6975 0 2 0
2285 0 2 0
8964 0 2 0
9313 0 2 0
4151 0 2 0
2534 0 2 0
4144 0 2 0
2535 0 2 0
1982 0 2 0
1996 0 2 0
9312 0 2 0
4150 0 2 0
2521 0 2 0
7303 0 2 0
3603 0 2 0
3830 0 2 0
3429 0 2 0
3367 0 2 0
7854 0 2 0
8597 0 2 0
4232 0 2 0
7920 0 2 0
1148 0 2 0
2327 0 2 0
3777 0 2 0
1821 0 2 0
6196 0 2 0
